# H C N O F
0.0022296277 0.90106297 0.038252793 0.047718793 0.010735733
0.013001884 0.000156081 1.710042e-05 0.98674333 8.1545135e-05
7.0928263e-06 0.021429166 0.0007132019 0.9778357 1.4926197e-05
0.9567184 6.2876543e-06 1.5204482e-05 0.043254867 5.3181257e-06
0.0657879 0.07768937 0.012415712 0.843182 0.00092503475
0.03729613 0.32049796 0.39109886 0.00018323555 0.25092384
9.859181e-08 0.8697807 0.1297652 8.598847e-06 0.00044541876
0.010990063 0.00012230017 9.349987e-07 0.9845962 0.0042905416
0.07747859 0.0030032757 0.00018131771 0.9192399 9.691438e-05
0.82927674 0.0023085168 1.5125023e-05 0.16839948 1.2595545e-07
0.010116272 0.93074983 0.00026389366 0.05017424 0.008695835
0.9231096 0.00015860923 0.06602152 0.010526445 0.000183729
6.499673e-05 0.7058446 0.0059677134 0.28789917 0.00022348927
0.008742158 0.006094638 0.0011228377 0.9839564 8.3959254e-05
0.28052512 0.000999617 0.46599588 0.25247416 5.270189e-06
0.032181483 0.28982687 7.436179e-05 0.13726465 0.54065263
0.7206371 0.041580793 0.00024763125 0.08340572 0.15412867
0.8891311 0.10332933 0.00024882372 0.0071413377 0.00014934044
0.000114941155 0.003678429 0.09442302 0.3879579 0.51382565
0.29796976 0.015666878 0.032298632 0.6420827 0.01198206
0.016105661 0.0015934404 0.62231076 0.33577052 0.024219664
