# H C N O F
0.08436539 0.16316013 0.20952113 0.53782445 0.0051289545
0.05048127 5.7995683e-05 0.00027662492 0.94816184 0.0010222296
0.0041674622 0.45529947 1.0229054e-06 0.51810306 0.022429034
0.41851485 0.0014544384 0.0016200787 0.0405174 0.5378932
0.002778433 5.4086007e-07 0.0008345505 0.9940534 0.002333061
0.90099776 0.008600685 0.008130576 0.058391646 0.023879368
0.00027243706 2.8097993e-05 2.5018271e-05 0.9931866 0.006487866
0.03555473 0.0015858106 6.553675e-08 0.23140252 0.7314569
2.8734115e-05 0.99912745 4.4843786e-05 0.00076177344 3.716868e-05
0.41020027 0.005620959 4.504598e-07 0.58208454 0.0020937994
0.0053371014 0.7872563 0.040868763 0.010213189 0.15632463
0.047111623 0.00038881946 1.4213861e-05 0.92621523 0.026270162
0.0026977442 0.0017395536 0.0044766148 0.99059707 0.00048894587
0.016277164 0.06360067 0.22595851 0.24833195 0.44583175
0.00759367 7.205885e-05 6.446289e-06 0.99079716 0.0015306462
0.0006031261 0.0037559022 0.34480336 0.5376835 0.11315409
0.5081056 0.022576468 0.0006808037 0.35909382 0.109543316
0.0010785954 0.06900945 0.0027309097 0.9258659 0.0013151277
