# H C N O F
1.5279991e-05 0.009636009 0.00033738717 0.9900109 4.4900878e-07
0.06363783 0.002297312 0.073814765 0.014572013 0.84567815
0.49566612 0.086030744 0.0012829311 0.41587952 0.0011407172
0.00493802 0.8796473 0.0010390306 0.112952285 0.0014233633
0.13494062 0.06171607 0.00016629358 0.0011353742 0.8020417
0.016663276 0.91450876 0.021703435 0.04502417 0.002100357
0.0014143827 0.7140708 0.28016707 0.004111169 0.00023661109
0.008814967 0.0053550643 0.0019895346 0.9838023 3.8091715e-05
0.08353387 0.015946196 0.0014004504 0.8759137 0.023205807
0.013455596 0.064244226 4.32498e-06 0.91236335 0.009932549
0.7116114 0.0005430886 0.106673166 0.18116595 6.4561737e-06
0.00012140757 0.01054839 0.026436232 0.96166867 0.0012253477
