# H C N O F
0.4738727 0.024569126 0.47208512 0.024729105 0.0047439313
0.5690768 0.10510057 0.018745493 0.17682475 0.13025244
0.028107671 0.0011508095 1.4771092e-05 0.1841426 0.7865841
0.51642346 0.048161488 0.3693125 0.063536845 0.00256571
0.024430195 1.92354e-06 7.488844e-06 0.9753533 0.0002070873
0.0013507049 0.001566066 0.008086793 0.9760272 0.012969259
2.0712216e-06 0.00091242907 0.97200453 0.00019500202 0.026886033
0.009816711 0.1869545 0.07091957 0.046055783 0.6862534
0.0012128801 0.5778084 1.1987098e-08 0.4122473 0.0087315
0.0017216686 0.9370974 0.033924032 0.0042011766 0.023055688
0.013449471 0.614944 0.0020643112 0.34369585 0.02584643
0.0015992165 0.0026936552 4.117589e-06 0.67014515 0.3255578
0.85068005 0.10448147 1.8699708e-05 0.044795282 2.4534396e-05
0.07085013 0.08412284 0.70608675 0.003821177 0.13511908
0.9945005 0.0015356058 2.4096028e-07 1.3646313e-05 0.003950027
0.31238547 0.022341188 0.0014783101 0.66326916 0.0005259139
0.0004109531 0.0010534966 0.80706173 0.020624775 0.17084898
0.9765968 0.011316248 0.0020588117 0.0034596361 0.006568561
0.022595232 0.00011298647 0.9737248 0.003003379 0.00056365563
2.005578e-05 0.037747886 4.9999403e-06 0.961981 0.00024603354
