# H C N O F
0.8365168 0.0001828815 0.017701587 0.009510147 0.13608858
6.6586836e-07 5.9838185e-05 0.0008713885 0.9989323 0.00013580399
0.09900536 0.4665079 0.0023908457 0.43202916 6.664431e-05
0.15952262 0.0005646868 0.00050840597 0.8393745 2.9780509e-05
0.0005256651 0.0409229 0.3783483 0.5801777 2.5473088e-05
0.0063179573 0.03228613 0.0061923717 0.95520025 3.293158e-06
0.0011719688 0.23153394 0.13687025 0.49312496 0.1372989
0.62229115 0.022380562 8.2956e-06 0.35474786 0.0005721217
0.6438088 0.068635084 0.0055039786 0.090614095 0.19143811
1.334733e-06 0.92293584 1.1638739e-06 0.07690518 0.00015653647
0.68402827 0.00040683235 0.0040987325 0.31130484 0.00016125463
0.0003213495 0.017474554 0.06327953 0.90388745 0.01503716
0.0035566713 0.96596396 0.0019985244 0.02841053 7.026786e-05
0.10154911 0.8515822 8.674598e-06 0.02028451 0.026575495
0.00020320123 5.376305e-06 5.9308375e-05 0.9997315 5.815759e-07
0.1867082 0.0013777473 0.0011702216 0.7556265 0.055117372
0.11963811 0.006629083 0.00042249946 0.86927164 0.004038618
7.548427e-06 0.9121573 3.0711544e-05 0.074148946 0.013655539
0.055180404 0.07834937 0.11720476 0.018089594 0.7311759
3.937866e-05 0.0044832197 1.4670214e-05 0.004437605 0.9910252
