# H C N O F
0.0071684932 0.58947885 0.0012324672 0.4004778 0.0016423402
0.35558006 0.19796565 0.00021082962 0.04647437 0.39976913
0.21162754 0.64059114 0.13557993 0.011818908 0.0003824734
0.0070375353 0.07438693 0.7891259 0.12933128 0.000118405
0.95324063 0.026929138 1.2837569e-06 0.019816147 1.2823357e-05
0.7752715 0.0028331408 0.0033477466 0.21626621 0.0022814597
0.9342142 0.054215427 0.00051239965 0.011036345 2.1745907e-05
0.011113832 0.031493306 0.0049350215 0.9488462 0.0036115395
0.22647157 0.76391166 3.1010318e-06 0.00068451813 0.008929142
0.96728265 0.029800093 0.00036319258 0.0012292799 0.0013248334
0.980451 0.011336622 0.0006466171 0.007550342 1.5590671e-05
0.16580202 0.003062681 0.13039918 0.05274115 0.64799505
0.004403415 0.9227873 1.8188803e-07 0.07141909 0.0013900006
0.0017295167 2.7436865e-06 0.056367148 0.94157064 0.00033002754
0.95345765 0.025270732 6.60953e-05 0.013962464 0.007242995
0.0001082382 0.0056459396 0.00022170438 0.994021 3.1377967e-06
0.9606017 0.00025068864 0.01368561 0.025049675 0.00041230553
0.68627137 0.0073706256 0.006180723 0.3001727 4.555065e-06
