# H C N O F
0.00027150166 0.8331536 0.0026738152 0.11854582 0.045355216
0.50230634 0.007815388 0.009455408 0.47345495 0.006967902
0.007223238 0.00021052509 0.0006414777 8.95851e-05 0.99183524
0.35537735 0.525653 0.010796133 0.10651323 0.0016603171
0.9114172 0.00015503919 0.0015270031 0.086881444 1.9360139e-05
0.76201093 0.007098629 0.0009825355 0.031510867 0.1983971
0.00634315 0.97919637 2.2613638e-06 0.014166635 0.00029152748
0.0010287444 0.62933314 0.030737994 0.27553883 0.06336131
5.5461023e-06 2.5435604e-06 0.001763951 0.99822575 2.262149e-06
0.5679677 0.00081834 0.00031816907 0.25976086 0.17113493
0.00069848826 6.003472e-06 0.00018095416 0.8242791 0.17483544
0.05051867 0.624084 0.19679648 0.00953103 0.119069844
0.7862339 0.015645048 0.16464448 0.021300845 0.012175744
0.8468204 0.05839704 0.00031101351 0.009489575 0.08498201
0.85958415 0.0007508685 2.5464882e-05 0.13567811 0.003961286
0.04376562 0.059217054 0.0001212992 0.8906702 0.0062257717
0.6802826 6.8178633e-06 0.007034545 0.308611 0.004065137
0.7812677 0.21661766 0.0016371567 0.00046607642 1.1434521e-05
0.015259702 1.1008621e-05 0.00011469016 0.9844816 0.0001329763
0.35555726 0.0036598064 1.3333952e-05 0.6015098 0.03925983
