# H C N O F
0.17996004 0.06027102 0.36059242 0.39916477 1.1706158e-05
5.789557e-05 0.99913883 4.913582e-06 0.00078224164 1.608699e-05
0.14087352 0.0010704952 4.8903753e-06 0.857996 5.5110726e-05
0.0011702293 0.00017558888 0.003328266 9.580421e-05 0.9952301
0.021480592 0.00015722906 0.058196377 0.9152891 0.0048767095
0.00021276288 0.06381925 1.1122305e-06 0.9322817 0.003685257
0.94694394 0.007821196 1.459448e-05 0.0012671527 0.04395311
0.016772635 0.6401752 0.0087426435 0.24146943 0.09284006
0.00112451 0.8489612 0.14631355 0.003510195 9.066762e-05
0.9957604 4.093363e-05 3.9434344e-06 0.004142642 5.211038e-05
0.97009224 0.0004283651 1.5620855e-06 0.029475769 1.9712124e-06
0.31035593 0.006726415 0.00013496476 0.6827619 2.0762003e-05
0.114234336 0.83140767 0.018008422 0.036037788 0.00031189248
0.007332608 0.039113045 0.00014392588 0.60618967 0.3472208
0.0012605602 0.25109002 5.6664517e-06 0.004476729 0.743167
0.013191252 9.342573e-05 0.00066989294 0.0016903451 0.9843551
