# H C N O F
0.99854785 0.0012136053 0.00019284202 4.556676e-05 1.3218752e-07
0.009893075 0.0014828267 0.00048661363 0.98027885 0.007858645
0.4194682 8.924054e-05 9.041527e-05 0.5803123 3.9820392e-05
0.00034391705 0.014481596 0.047154907 0.0006075608 0.93741196
0.8887806 0.00080007414 1.7384318e-05 0.04585866 0.0645433
7.735034e-05 0.29305467 0.030032372 0.524651 0.15218467
0.0017611914 5.4001957e-05 0.67023855 0.32794383 2.392398e-06
0.0033517184 0.008490085 0.1572663 0.8246659 0.0062260297
0.04172709 0.0008053756 0.0056233876 0.9517637 8.050772e-05
0.35549703 0.0038699976 0.36691874 0.27066717 0.0030470751
0.035626434 0.0026987488 0.0024254113 0.9507831 0.0084662475
0.22489725 0.009637473 0.054512717 0.6971453 0.013807229
