# H C N O F
0.007979314 0.9914732 2.5690308e-06 0.0001629225 0.00038201775
0.30681467 0.6377897 8.558719e-05 0.05237419 0.0029357877
0.0062189433 0.0138555765 2.1757835e-06 0.97973335 0.00018996572
0.008824266 0.0005491671 0.05296236 0.93701553 0.00064869673
1.7849752e-05 0.000116237825 5.0332133e-06 0.9998392 2.1753425e-05
0.028238038 0.8984935 9.099728e-05 0.013200916 0.059976492
0.96120334 0.001997785 3.462305e-07 0.036791284 7.270888e-06
0.00703255 0.71098447 0.00076896494 0.15209667 0.12911731
0.00064971915 2.2195189e-05 1.2342391e-05 0.9983689 0.0009469586
0.7786059 0.15230656 0.0064561623 0.062305223 0.0003261672
0.019738117 1.1464309e-05 0.00049761584 0.9797498 3.0508502e-06
0.44034255 0.040104877 0.45831072 0.060946763 0.0002950558
0.017091528 7.4157826e-05 0.0009649888 0.98158884 0.00028049553
3.6584745e-05 0.00012445214 3.9188846e-05 0.99915755 0.0006421561
8.9996436e-05 0.032836854 0.0019015977 0.4120257 0.5531459
0.7641254 0.0041480325 0.001391952 0.2178332 0.012501425
0.01469472 1.7638917e-05 0.00042342508 0.8724112 0.11245299
